04:09:22,826 root INFO Iniciando execucao do kmeans++, com 8 clusters, usando distancia euclidiana e dados em representacao tf.
04:09:54,784 root INFO Quantidade de palavras antes da remocao das irrelevantes: 14114.
04:09:54,784 root INFO Removendo palavras irrelevantes
04:16:24,391 root INFO Quantidade de palavras depois da remocao das irrelevantes: 89.
04:16:42,5 root INFO Convergiu em 24 iterações.
04:16:42,7 root INFO Centroides finais:
04:16:42,7 root INFO [[ 1.5   1.69  0.88  2.69  2.    0.69  0.73  1.19 20.19  3.31  2.31  0.73
   0.38  2.38  0.5   0.5   0.81  0.46  2.04  1.31  0.73  0.96  0.69  1.08
   0.31  3.08  1.5   1.46  0.5   1.85  1.77  1.35  1.73  0.96  0.58  0.35
   0.27  0.46  0.92  1.35  0.77  1.12  0.5   0.5   1.27  0.69  1.08  1.54
   1.5   0.58  0.77  1.15  0.62  0.15  1.12  1.19  0.77  0.15  0.46  0.23
   0.35  0.31  0.85  0.46  0.35  0.81  0.27  1.04  0.69  0.69  0.73  0.35
   0.38  0.77  0.23  0.12  0.77  0.12  0.42  1.35  1.38  0.38  0.54  0.23
   0.54  0.5   1.69  1.08  1.81]
 [ 0.96  0.94  0.39  2.04  0.95  0.54  0.47  0.6   9.46  2.74  1.37  0.38
   0.32  1.    0.24  0.54  0.45  0.27  0.91  0.85  0.47  0.9   0.78  0.75
   0.42  1.35  0.64  0.77  0.62  1.42  1.75  0.5   1.16  0.51  0.38  0.31
   0.26  0.35  0.67  0.55  0.34  0.54  0.35  0.52  0.74  0.46  0.61  0.74
   0.94  0.49  0.47  0.8   0.64  0.35  0.47  0.62  0.36  0.37  0.44  0.38
   0.71  0.38  0.61  0.44  0.64  0.71  0.23  0.48  0.46  0.96  0.35  0.25
   0.36  0.43  0.34  0.15  0.3   0.34  0.48  1.21  0.91  0.33  0.88  0.37
   0.56  0.64  0.73  0.61  0.93]
 [ 0.93  0.67  0.32  3.24  1.19  0.47  0.36  0.75  1.74  2.83  1.05  0.5
   0.3   0.39  0.28  0.62  0.37  0.5   0.84  1.04  0.47  0.65  0.61  0.55
   0.3   1.09  0.3   1.5   0.42  0.88  1.17  0.45  1.18  0.44  0.23  0.17
   0.12  0.18  0.21  0.5   0.23  0.52  0.3   0.41  0.91  0.63  0.31  1.68
   0.7   0.36  0.31  0.59  0.44  0.24  0.39  0.46  0.29  0.31  0.39  0.24
   0.79  0.44  0.31  0.24  0.4   0.49  0.23  0.3   0.45  0.57  0.27  0.28
   0.27  0.28  0.5   0.41  0.68  0.95  0.47  0.98  0.95  0.4   0.46  0.69
   0.34  0.56  0.47  0.28  1.2 ]
 [14.   10.    1.   18.    1.    0.    1.   34.    1.    2.    0.    1.
   2.    0.    3.    3.    2.    2.    5.    6.    0.    0.    0.    1.
   1.    5.    0.    8.    2.    0.    0.    1.    2.    2.    3.    0.
   0.    1.    0.    0.    1.    0.    2.    0.    6.    0.    0.    0.
   1.    4.    1.    0.    3.    4.    1.    0.    0.    0.    0.    3.
   4.    0.    0.    1.    0.    0.    4.    0.    2.    0.    2.    1.
   2.    0.    3.    8.    0.    4.    3.   15.    1.    2.    1.    9.
   0.    4.    0.    0.    2.  ]
 [ 1.87  1.04  0.51  2.25  0.6   0.26  0.15  0.68  1.75  1.74  1.64  0.43
   0.4   0.3   0.28  1.34  0.53  0.57  0.91  0.89  0.7   1.09  0.72  0.89
   0.6   0.72  0.26  1.09  0.4   0.81  1.    0.36  1.85  0.51  0.43  0.49
   0.47  0.47  0.4   0.36  0.26  0.34  0.66  1.64  1.57  0.28  0.36  0.92
   0.92  0.34  0.87  0.43  0.49  0.36  0.45  0.43  0.3   0.57  0.49  0.57
   0.6   1.06  0.32  0.32  0.6   0.58  0.68  0.42  0.34  0.6   0.47  0.34
   1.25  0.34  1.36  1.74  1.06  1.02  0.49  1.26  0.98  1.13  7.04  1.43
   0.34  0.79  0.3   0.25  0.79]
 [ 0.88  0.63  0.29  1.21  0.89  0.45  0.52  0.5   4.85  2.04  0.69  0.4
   0.15  0.47  0.24  0.44  0.27  0.19  0.55  0.61  0.29  0.58  0.24  0.52
   0.31  0.63  0.4   0.47  0.28  0.76  0.66  0.34  0.59  0.32  0.12  0.14
   0.26  0.15  0.37  0.3   0.21  0.36  0.21  0.21  0.43  0.38  0.25  0.44
   0.51  0.3   0.44  0.44  0.4   0.37  0.31  0.2   0.32  0.23  0.3   0.19
   0.34  0.37  0.38  0.26  0.38  0.51  0.25  0.27  0.21  0.52  0.3   0.2
   0.13  0.21  0.28  0.18  0.2   0.24  0.31  0.89  0.5   0.1   0.33  0.24
   0.34  0.48  0.52  0.29  0.5 ]
 [ 0.63  0.45  0.27  1.31  0.68  0.3   0.39  0.36  0.62  1.06  0.5   0.22
   0.17  0.06  0.16  0.31  0.13  0.35  0.44  0.52  0.18  0.69  0.3   0.54
   0.17  0.36  0.11  0.34  0.2   0.5   0.47  0.14  0.4   0.36  0.12  0.16
   0.19  0.13  0.27  0.16  0.17  0.19  0.19  0.31  0.51  0.21  0.04  0.43
   0.39  0.27  0.34  0.12  0.24  0.19  0.14  0.08  0.15  0.43  0.18  0.21
   0.43  0.33  0.2   0.21  0.22  0.17  0.18  0.18  0.11  0.19  0.22  0.19
   0.22  0.13  0.23  0.25  0.26  0.25  0.25  0.48  0.35  0.13  0.41  0.32
   0.17  0.44  0.3   0.22  0.3 ]
 [ 2.62  0.98  0.38  2.71  0.75  0.22  0.51  0.75  0.6   0.31  1.89  0.55
   0.4   0.15  0.53  1.11  0.53  0.25  1.45  0.33  0.69  0.84  0.56  0.44
   0.29  0.36  0.22  0.38  0.35  0.55  0.71  0.38  1.6   1.16  0.6   0.84
   0.65  0.82  1.31  0.27  0.22  0.38  0.76  0.8   2.07  0.51  0.15  0.49
   1.45  0.29  1.95  0.38  0.8   0.76  0.49  0.6   0.4   0.31  0.22  0.91
   0.65  0.24  0.13  0.4   0.27  0.65  1.24  0.33  0.29  0.55  0.8   0.73
   2.18  0.49  1.02  1.11  0.73  0.71  0.47  1.47  0.49  0.47  0.33  1.62
   0.16  1.02  0.18  0.25  0.47]]
04:16:42,31 root INFO Grupos:
04:16:42,31 root INFO defaultdict(<class 'dict'>, {0: 5, 1: 6, 2: 0, 3: 6, 4: 6, 5: 6, 6: 6, 7: 6, 8: 1, 9: 5, 10: 2, 11: 6, 12: 2, 13: 1, 14: 6, 15: 2, 16: 6, 17: 6, 18: 6, 19: 6, 20: 2, 21: 1, 22: 6, 23: 6, 24: 1, 25: 6, 26: 6, 27: 1, 28: 6, 29: 2, 30: 5, 31: 6, 32: 6, 33: 0, 34: 2, 35: 6, 36: 6, 37: 2, 38: 6, 39: 2, 40: 6, 41: 6, 42: 2, 43: 5, 44: 2, 45: 6, 46: 5, 47: 6, 48: 2, 49: 6, 50: 6, 51: 5, 52: 5, 53: 5, 54: 1, 55: 6, 56: 5, 57: 0, 58: 1, 59: 5, 60: 7, 61: 6, 62: 6, 63: 6, 64: 5, 65: 2, 66: 5, 67: 2, 68: 0, 69: 1, 70: 6, 71: 0, 72: 1, 73: 6, 74: 5, 75: 6, 76: 6, 77: 6, 78: 6, 79: 6, 80: 2, 81: 2, 82: 6, 83: 5, 84: 6, 85: 5, 86: 6, 87: 2, 88: 5, 89: 5, 90: 6, 91: 6, 92: 0, 93: 5, 94: 6, 95: 5, 96: 5, 97: 5, 98: 6, 99: 1, 100: 6, 101: 7, 102: 4, 103: 7, 104: 2, 105: 6, 106: 6, 107: 5, 108: 5, 109: 2, 110: 6, 111: 5, 112: 1, 113: 4, 114: 6, 115: 7, 116: 6, 117: 6, 118: 2, 119: 2, 120: 2, 121: 6, 122: 6, 123: 2, 124: 2, 125: 6, 126: 2, 127: 6, 128: 2, 129: 2, 130: 4, 131: 6, 132: 2, 133: 6, 134: 2, 135: 6, 136: 1, 137: 2, 138: 5, 139: 5, 140: 1, 141: 2, 142: 2, 143: 2, 144: 7, 145: 7, 146: 1, 147: 2, 148: 1, 149: 2, 150: 4, 151: 2, 152: 6, 153: 6, 154: 6, 155: 6, 156: 7, 157: 2, 158: 2, 159: 2, 160: 6, 161: 6, 162: 6, 163: 2, 164: 4, 165: 6, 166: 5, 167: 2, 168: 4, 169: 4, 170: 6, 171: 4, 172: 6, 173: 4, 174: 7, 175: 4, 176: 4, 177: 7, 178: 6, 179: 6, 180: 4, 181: 1, 182: 7, 183: 4, 184: 4, 185: 2, 186: 7, 187: 7, 188: 7, 189: 4, 190: 7, 191: 6, 192: 6, 193: 7, 194: 6, 195: 5, 196: 4, 197: 4, 198: 1, 199: 2, 200: 5, 201: 6, 202: 6, 203: 6, 204: 6, 205: 6, 206: 2, 207: 4, 208: 1, 209: 4, 210: 4, 211: 6, 212: 6, 213: 2, 214: 2, 215: 2, 216: 6, 217: 4, 218: 6, 219: 4, 220: 2, 221: 2, 222: 7, 223: 2, 224: 2, 225: 6, 226: 6, 227: 0, 228: 5, 229: 6, 230: 1, 231: 7, 232: 6, 233: 6, 234: 7, 235: 7, 236: 7, 237: 7, 238: 7, 239: 7, 240: 5, 241: 2, 242: 0, 243: 5, 244: 1, 245: 0, 246: 5, 247: 6, 248: 1, 249: 2, 250: 6, 251: 0, 252: 2, 253: 6, 254: 2, 255: 5, 256: 1, 257: 6, 258: 5, 259: 6, 260: 6, 261: 6, 262: 6, 263: 5, 264: 6, 265: 6, 266: 6, 267: 5, 268: 6, 269: 6, 270: 2, 271: 5, 272: 0, 273: 6, 274: 5, 275: 5, 276: 6, 277: 2, 278: 6, 279: 6, 280: 2, 281: 5, 282: 2, 283: 6, 284: 1, 285: 5, 286: 5, 287: 5, 288: 1, 289: 2, 290: 1, 291: 6, 292: 6, 293: 6, 294: 6, 295: 5, 296: 5, 297: 5, 298: 5, 299: 6, 300: 1, 301: 6, 302: 1, 303: 6, 304: 6, 305: 6, 306: 5, 307: 5, 308: 5, 309: 7, 310: 7, 311: 2, 312: 2, 313: 1, 314: 6, 315: 6, 316: 5, 317: 6, 318: 5, 319: 2, 320: 6, 321: 6, 322: 5, 323: 6, 324: 6, 325: 5, 326: 5, 327: 5, 328: 5, 329: 2, 330: 2, 331: 1, 332: 5, 333: 6, 334: 6, 335: 6, 336: 1, 337: 1, 338: 1, 339: 6, 340: 2, 341: 1, 342: 2, 343: 6, 344: 6, 345: 6, 346: 4, 347: 2, 348: 1, 349: 7, 350: 5, 351: 6, 352: 1, 353: 1, 354: 6, 355: 6, 356: 6, 357: 1, 358: 1, 359: 6, 360: 6, 361: 1, 362: 2, 363: 5, 364: 6, 365: 1, 366: 1, 367: 6, 368: 5, 369: 6, 370: 6, 371: 6, 372: 6, 373: 0, 374: 5, 375: 6, 376: 7, 377: 2, 378: 1, 379: 6, 380: 1, 381: 1, 382: 6, 383: 5, 384: 1, 385: 6, 386: 6, 387: 5, 388: 5, 389: 6, 390: 0, 391: 6, 392: 6, 393: 6, 394: 5, 395: 6, 396: 6, 397: 2, 398: 7, 399: 6, 400: 5, 401: 6, 402: 1, 403: 1, 404: 1, 405: 1, 406: 2, 407: 5, 408: 7, 409: 6, 410: 6, 411: 2, 412: 6, 413: 1, 414: 6, 415: 2, 416: 2, 417: 6, 418: 6, 419: 6, 420: 5, 421: 6, 422: 0, 423: 1, 424: 0, 425: 2, 426: 1, 427: 2, 428: 5, 429: 1, 430: 6, 431: 7, 432: 6, 433: 1, 434: 0, 435: 0, 436: 0, 437: 0, 438: 6, 439: 5, 440: 1, 441: 5, 442: 2, 443: 7, 444: 6, 445: 1, 446: 4, 447: 6, 448: 2, 449: 5, 450: 5, 451: 5, 452: 1, 453: 1, 454: 1, 455: 5, 456: 1, 457: 6, 458: 6, 459: 6, 460: 2, 461: 1, 462: 0, 463: 1, 464: 1, 465: 1, 466: 2, 467: 6, 468: 5, 469: 6, 470: 6, 471: 7, 472: 6, 473: 7, 474: 2, 475: 2, 476: 5, 477: 7, 478: 5, 479: 6, 480: 6, 481: 6, 482: 2, 483: 7, 484: 7, 485: 6, 486: 5, 487: 1, 488: 6, 489: 6, 490: 4, 491: 4, 492: 4, 493: 2, 494: 1, 495: 1, 496: 4, 497: 7, 498: 2, 499: 6, 500: 6, 501: 5, 502: 6, 503: 6, 504: 6, 505: 4, 506: 4, 507: 7, 508: 7, 509: 1, 510: 6, 511: 6, 512: 6, 513: 1, 514: 1, 515: 1, 516: 6, 517: 7, 518: 7, 519: 1, 520: 7, 521: 4, 522: 2, 523: 6, 524: 6, 525: 6, 526: 5, 527: 6, 528: 6, 529: 4, 530: 6, 531: 6, 532: 5, 533: 2, 534: 1, 535: 1, 536: 4, 537: 4, 538: 6, 539: 5, 540: 6, 541: 6, 542: 4, 543: 2, 544: 1, 545: 5, 546: 4, 547: 6, 548: 4, 549: 4, 550: 6, 551: 4, 552: 5, 553: 6, 554: 2, 555: 4, 556: 6, 557: 6, 558: 4, 559: 6, 560: 2, 561: 6, 562: 6, 563: 6, 564: 4, 565: 2, 566: 5, 567: 5, 568: 6, 569: 5, 570: 7, 571: 5, 572: 1, 573: 1, 574: 4, 575: 6, 576: 2, 577: 3, 578: 6, 579: 4, 580: 2, 581: 4, 582: 6, 583: 7, 584: 2, 585: 5, 586: 7, 587: 6, 588: 7, 589: 4, 590: 7, 591: 1, 592: 5, 593: 1, 594: 6, 595: 1, 596: 1, 597: 1, 598: 6, 599: 1, 600: 2, 601: 5, 602: 5, 603: 6, 604: 6, 605: 2, 606: 1, 607: 5, 608: 6, 609: 6, 610: 6, 611: 7, 612: 6, 613: 1, 614: 6, 615: 2, 616: 4, 617: 4, 618: 2, 619: 4, 620: 4, 621: 4, 622: 1, 623: 7, 624: 6, 625: 1, 626: 6, 627: 1, 628: 6, 629: 0, 630: 4, 631: 4, 632: 7, 633: 6, 634: 6, 635: 5, 636: 5, 637: 7, 638: 6, 639: 0, 640: 1, 641: 1, 642: 6, 643: 5, 644: 5, 645: 6, 646: 5, 647: 6, 648: 5, 649: 1, 650: 6, 651: 1, 652: 5, 653: 6, 654: 5, 655: 5, 656: 6, 657: 6, 658: 5, 659: 6, 660: 5, 661: 1, 662: 1, 663: 5, 664: 5, 665: 2, 666: 1, 667: 6, 668: 5, 669: 5, 670: 5, 671: 1, 672: 5, 673: 6, 674: 5, 675: 5, 676: 5, 677: 2, 678: 5, 679: 5, 680: 2, 681: 1, 682: 1, 683: 6, 684: 0, 685: 1, 686: 1, 687: 6, 688: 2, 689: 1, 690: 1, 691: 5, 692: 7, 693: 1, 694: 6, 695: 6, 696: 1, 697: 5, 698: 5, 699: 7, 700: 6, 701: 6, 702: 1, 703: 2, 704: 1, 705: 0, 706: 0, 707: 7, 708: 5, 709: 0, 710: 6, 711: 7, 712: 2, 713: 5, 714: 6, 715: 5, 716: 1, 717: 6, 718: 1, 719: 1, 720: 5, 721: 5, 722: 6, 723: 5, 724: 6, 725: 5, 726: 5, 727: 1, 728: 6, 729: 1, 730: 6, 731: 6, 732: 5, 733: 6, 734: 1, 735: 2, 736: 5})
04:16:42,32 root INFO Dados por grupo:
04:16:42,32 root INFO [[2, 33, 57, 68, 71, 92, 227, 242, 245, 251, 272, 373, 390, 422, 424, 434, 435, 436, 437, 462, 629, 639, 684, 705, 706, 709], [8, 13, 21, 24, 27, 54, 58, 69, 72, 99, 112, 136, 140, 146, 148, 181, 198, 208, 230, 244, 248, 256, 284, 288, 290, 300, 302, 313, 331, 336, 337, 338, 341, 348, 352, 353, 357, 358, 361, 365, 366, 378, 380, 381, 384, 402, 403, 404, 405, 413, 423, 426, 429, 433, 440, 445, 452, 453, 454, 456, 461, 463, 464, 465, 487, 494, 495, 509, 513, 514, 515, 519, 534, 535, 544, 572, 573, 591, 593, 595, 596, 597, 599, 606, 613, 622, 625, 627, 640, 641, 649, 651, 661, 662, 666, 671, 681, 682, 685, 686, 689, 690, 693, 696, 702, 704, 716, 718, 719, 727, 729, 734], [10, 12, 15, 20, 29, 34, 37, 39, 42, 44, 48, 65, 67, 80, 81, 87, 104, 109, 118, 119, 120, 123, 124, 126, 128, 129, 132, 134, 137, 141, 142, 143, 147, 149, 151, 157, 158, 159, 163, 167, 185, 199, 206, 213, 214, 215, 220, 221, 223, 224, 241, 249, 252, 254, 270, 277, 280, 282, 289, 311, 312, 319, 329, 330, 340, 342, 347, 362, 377, 397, 406, 411, 415, 416, 425, 427, 442, 448, 460, 466, 474, 475, 482, 493, 498, 522, 533, 543, 554, 560, 565, 576, 580, 584, 600, 605, 615, 618, 665, 677, 680, 688, 703, 712, 735], [577], [102, 113, 130, 150, 164, 168, 169, 171, 173, 175, 176, 180, 183, 184, 189, 196, 197, 207, 209, 210, 217, 219, 346, 446, 490, 491, 492, 496, 505, 506, 521, 529, 536, 537, 542, 546, 548, 549, 551, 555, 558, 564, 574, 579, 581, 589, 616, 617, 619, 620, 621, 630, 631], [0, 9, 30, 43, 46, 51, 52, 53, 56, 59, 64, 66, 74, 83, 85, 88, 89, 93, 95, 96, 97, 107, 108, 111, 138, 139, 166, 195, 200, 228, 240, 243, 246, 255, 258, 263, 267, 271, 274, 275, 281, 285, 286, 287, 295, 296, 297, 298, 306, 307, 308, 316, 318, 322, 325, 326, 327, 328, 332, 350, 363, 368, 374, 383, 387, 388, 394, 400, 407, 420, 428, 439, 441, 449, 450, 451, 455, 468, 476, 478, 486, 501, 526, 532, 539, 545, 552, 566, 567, 569, 571, 585, 592, 601, 602, 607, 635, 636, 643, 644, 646, 648, 652, 654, 655, 658, 660, 663, 664, 668, 669, 670, 672, 674, 675, 676, 678, 679, 691, 697, 698, 708, 713, 715, 720, 721, 723, 725, 726, 732, 736], [1, 3, 4, 5, 6, 7, 11, 14, 16, 17, 18, 19, 22, 23, 25, 26, 28, 31, 32, 35, 36, 38, 40, 41, 45, 47, 49, 50, 55, 61, 62, 63, 70, 73, 75, 76, 77, 78, 79, 82, 84, 86, 90, 91, 94, 98, 100, 105, 106, 110, 114, 116, 117, 121, 122, 125, 127, 131, 133, 135, 152, 153, 154, 155, 160, 161, 162, 165, 170, 172, 178, 179, 191, 192, 194, 201, 202, 203, 204, 205, 211, 212, 216, 218, 225, 226, 229, 232, 233, 247, 250, 253, 257, 259, 260, 261, 262, 264, 265, 266, 268, 269, 273, 276, 278, 279, 283, 291, 292, 293, 294, 299, 301, 303, 304, 305, 314, 315, 317, 320, 321, 323, 324, 333, 334, 335, 339, 343, 344, 345, 351, 354, 355, 356, 359, 360, 364, 367, 369, 370, 371, 372, 375, 379, 382, 385, 386, 389, 391, 392, 393, 395, 396, 399, 401, 409, 410, 412, 414, 417, 418, 419, 421, 430, 432, 438, 444, 447, 457, 458, 459, 467, 469, 470, 472, 479, 480, 481, 485, 488, 489, 499, 500, 502, 503, 504, 510, 511, 512, 516, 523, 524, 525, 527, 528, 530, 531, 538, 540, 541, 547, 550, 553, 556, 557, 559, 561, 562, 563, 568, 575, 578, 582, 587, 594, 598, 603, 604, 608, 609, 610, 612, 614, 624, 626, 628, 633, 634, 638, 642, 645, 647, 650, 653, 656, 657, 659, 667, 673, 683, 687, 694, 695, 700, 701, 710, 714, 717, 722, 724, 728, 730, 731, 733], [60, 101, 103, 115, 144, 145, 156, 174, 177, 182, 186, 187, 188, 190, 193, 222, 231, 234, 235, 236, 237, 238, 239, 309, 310, 349, 376, 398, 408, 431, 443, 471, 473, 477, 483, 484, 497, 507, 508, 517, 518, 520, 570, 583, 586, 588, 590, 611, 623, 632, 637, 692, 699, 707, 711]]
04:16:42,32 root INFO Calculando índice silhouette:
04:17:29,192 root INFO 0.31
